Car -1 -1 0 603.1279493231004 177.5067344473543 724.0438595565936 264.9814601084639 1.4820542 1.6105342 3.7239842 1.2111306 1.5882902 14.457155 1.8751876 135.64890904975167 
Car -1 -1 0 940.2158844996984 194.7747526778649 1242.0 375.0 1.4637201 1.4768584 3.0315666 3.861705 1.7008616 6.143801 1.854502 76.08202265161621 
Car -1 -1 0 326.7043726964253 177.43737849228953 621.4575521277062 370.22324873459536 1.54109 1.5950879 3.7571304 -1.1645802 1.6041421 7.895177 1.8729513 125.17354912957302 
Car -1 -1 0 885.9790546791492 177.39113772716522 955.2182681006715 241.07474539286738 1.6172938 1.5730374 2.4365935 8.524673 1.7514778 19.931868 1.9005363 37.48547387101641 
Car -1 -1 0 739.6611272227108 168.13897556410376 786.1076653025686 208.60461517940777 1.7430196 1.6826342 4.046485 7.1220407 1.5399241 33.263664 1.8844004 31.140495705594 
Car -1 -1 0 860.349155820424 173.7903925241111 888.0752893937694 194.74642648828603 1.5349517 1.62217 3.932125 20.186405 1.6092529 55.145695 1.8269234 8.120300052879836 
Car -1 -1 0 874.2325351826289 182.0413416998158 933.4979591379971 230.22729893753842 1.4695212 1.5843443 3.3331988 9.929523 1.80509 24.527714 1.87188 7.855440061714276 
Car -1 -1 0 595.3396129250681 166.87517462490828 702.1386592472323 209.97296635862696 1.6173813 1.6238114 3.922836 1.5580065 1.3930068 28.443779 0.30644718 7.173688041931295 
Car -1 -1 0 769.002350500795 174.10878070496338 801.9175869565222 202.4899852779112 1.5104923 1.61378 3.8732135 9.952357 1.58485 40.67195 1.8591906 2.0197512093956442 
Car -1 -1 0 900.3528245609617 173.13623013676522 930.4174278150435 194.63720498073098 1.4971488 1.5940201 3.7700992 22.137476 1.5184126 52.32913 1.859097 0.25173333287239075 

