Car -1 -1 0 559.6079241002938 178.4009915127185 632.648203890351 229.80317857822507 1.5069052 1.6862469 4.0412755 -0.34826535 1.7058505 23.74558 1.7378569 84.99899368115088 
Car -1 -1 0 360.6555438544277 187.38561627643682 543.9208022704257 298.1225830127785 1.4169631 1.6355568 3.973402 -2.3526325 1.697983 11.866865 1.7208142 113.82671196421308 
Car -1 -1 0 820.144220091255 180.8619250811669 920.4862032430689 254.36677722014687 1.4669087 1.5501597 3.2162023 5.8356037 1.6686835 16.475716 1.7187726 79.16474623632742 
Car -1 -1 0 798.6792440413858 179.1357504079706 872.0681802472454 232.99640596102887 1.4600883 1.5919728 3.6914907 6.7732353 1.6681902 21.958336 1.7224224 33.667155626306766 
Car -1 -1 0 665.4233536952502 176.58731586823507 704.2978353489875 202.60199406436232 1.4592601 1.563026 3.4095666 4.5111566 1.6907643 42.876175 1.9042432 9.698879561662533 
Car -1 -1 0 596.6787849245214 177.87455849952633 650.7008733517814 218.62995155723274 1.5034277 1.606935 3.6032932 0.62892073 1.7186064 29.007044 1.753678 21.128702027227032 
Car -1 -1 0 784.6037229513495 177.79718482263564 838.6918445937836 218.76016328644573 1.4651116 1.6105583 4.048571 7.887883 1.6745763 28.447605 1.7317452 11.590287010346062 
Car -1 -1 0 743.9450060188097 173.57149487298977 784.9277638152292 196.28896814736808 1.5796919 1.6820596 3.924289 11.285863 1.633913 52.41671 2.1274915 8.199338856823063 
Car -1 -1 0 629.7959573083515 179.10671951459966 667.892736426687 210.0955973337856 1.436051 1.5915968 3.8325806 2.0211496 1.7676375 36.255417 1.7102449 5.29414010023301 
Car -1 -1 0 827.3194628689445 167.6893880690994 868.2417697854905 191.2458307325674 1.5446429 1.5993589 3.722348 16.302483 1.2059888 49.28878 2.1983266 0.2549959719181061 

